positive/1653798024.962346.jpg 5 435 364 88 80 342 440 108 118 408 430 101 114 576 377 113 147 682 399 129 164
positive/1653798036.4145007.jpg 2 716 421 116 142 797 433 80 123
positive/1653798042.7186835.jpg 4 430 393 116 101 695 390 146 184 200 477 121 117 278 440 118 150
positive/1653798052.897057.jpg 5 682 427 139 123 700 364 104 116 31 453 119 120 181 470 105 127 210 442 131 124
positive/1653798117.866529.jpg 2 355 397 158 167 14 406 140 146
positive/1653798126.3746862.jpg 2 739 366 180 200 28 450 176 145
positive/1653798138.179341.jpg 2 120 382 180 172 418 434 131 136
positive/1653798149.033667.jpg 4 280 406 138 136 39 410 153 173 719 407 152 162 954 363 55 153
positive/1653798343.756652.jpg 2 839 452 90 101 871 396 129 133
positive/1653798369.8514986.jpg 4 304 408 97 80 7 416 111 183 823 434 110 139 921 398 87 175
positive/1653798375.2307932.jpg 5 328 389 112 146 200 387 107 113 246 338 115 139 898 417 108 143 930 335 78 116
positive/1653798452.925099.jpg 3 509 374 62 96 456 381 65 84 312 335 141 132
positive/1653798460.9682407.jpg 3 91 395 180 169 298 433 95 140 373 414 132 141
positive/1653798586.9861717.jpg 2 395 400 120 167 485 420 114 157
positive/1653798607.3874016.jpg 7 410 378 67 100 334 394 68 91 310 355 83 84 713 357 69 96 850 359 107 121 777 351 99 104 751 313 89 92
positive/1653798610.853109.jpg 6 769 399 86 84 507 292 101 100 383 404 141 145 148 429 111 140 231 417 110 132 319 422 112 138
positive/1653798615.2694635.jpg 6 282 372 128 130 211 517 166 81 483 491 129 110 836 523 127 71 502 428 82 83 560 493 88 86
positive/1653798618.5661428.jpg 7 468 389 102 126 375 427 85 72 281 374 118 158 174 427 113 112 30 371 118 123 3 366 45 112 897 333 110 135
positive/1653798624.738559.jpg 4 399 344 124 120 612 351 118 115 832 413 118 128 932 398 79 128
positive/1653798634.636485.jpg 4 333 411 117 133 456 493 128 107 447 417 130 129 460 371 107 66
positive/1653798639.478181.jpg 7 210 301 98 104 399 375 65 69 450 362 51 56 363 321 96 72 631 316 135 90 846 322 66 96 904 310 81 112
positive/1653798728.2551079.jpg 5 125 392 175 162 363 391 101 99 717 346 129 136 881 342 92 140 934 412 73 141
positive/1653798734.6765912.jpg 4 738 462 118 101 752 383 87 71 941 411 67 155 875 390 89 161
positive/1653798739.6819048.jpg 5 725 404 91 81 915 377 92 96 254 430 86 110 105 410 95 157 189 417 69 142
positive/1653798818.1116898.jpg 7 254 411 105 117 119 330 82 101 59 337 83 53 694 370 111 153 779 340 100 124 877 352 83 149 923 367 83 140
positive/1653798822.7562537.jpg 5 285 335 120 109 337 415 123 125 470 376 73 63 501 325 119 101 785 395 106 98
positive/1653798826.666958.jpg 5 871 389 116 113 3 395 94 172 43 327 125 133 202 422 95 131 230 390 112 149
positive/1653798831.2522435.jpg 5 0 507 141 83 387 453 110 137 476 451 109 141 556 456 62 93 911 417 96 154
positive/1653798836.9596736.jpg 3 115 379 155 160 817 360 130 146 874 327 85 61
positive/1653798842.2468894.jpg 4 404 443 118 97 414 393 127 94 921 404 88 147 694 345 108 76
positive/1653798846.8647544.jpg 6 149 306 109 103 22 308 115 158 223 430 102 146 140 412 105 155 811 404 121 134 948 438 61 74
positive/1653798947.4478314.jpg 9 363 300 96 103 909 316 80 108 850 300 71 98 684 362 89 126 748 345 77 111 267 345 76 102 229 391 73 84 90 341 81 121 54 365 78 43
positive/1653798950.9684746.jpg 5 362 334 116 142 478 369 85 65 612 329 90 66 698 437 108 125 659 383 100 82
positive/1653798957.979455.jpg 5 448 441 148 127 118 367 179 124 41 504 159 96 14 472 126 101 2 388 86 96
positive/1653798997.0516646.jpg 5 371 368 96 112 445 350 79 70 521 396 86 82 922 357 85 157 625 376 86 55
positive/1653799002.5308104.jpg 3 818 359 162 207 242 429 153 171 89 396 160 201
positive/1653799006.5347152.jpg 5 134 342 137 171 353 333 120 135 480 332 116 124 726 353 102 74 1 330 77 144
positive/1653799011.2488604.jpg 5 162 375 104 128 218 376 135 183 388 408 116 139 687 328 89 144 583 341 189 96
positive/1653799015.863883.jpg 5 176 412 164 107 20 339 141 171 809 423 82 104 714 360 116 130 838 371 95 122
positive/1653799021.8740883.jpg 4 246 465 217 129 716 475 85 68 768 447 180 125 709 526 167 73
positive/1653799025.9570184.jpg 4 343 314 166 132 568 299 128 92 890 358 60 70 931 378 72 75
positive/1653799029.3912892.jpg 5 872 274 112 121 28 377 116 109 3 364 86 99 247 403 113 105 285 450 98 104
positive/1653799034.6759715.jpg 3 261 383 160 199 479 462 137 138 867 353 122 170
positive/1653799040.6745465.jpg 5 325 319 160 139 445 296 91 62 553 325 96 67 678 334 146 134 573 376 87 34
positive/1653799045.741632.jpg 4 103 285 127 118 15 307 77 81 21 374 103 128 943 360 64 175
positive/1653799050.4232585.jpg 3 618 467 129 126 761 509 183 87 800 429 154 112
positive/1653799055.461357.jpg 4 734 343 106 110 698 388 94 70 371 354 85 116 453 348 178 180
positive/1653799058.422262.jpg 2 262 360 96 153 307 334 144 144
positive/1653799060.2923353.jpg 4 335 351 153 156 467 389 93 162 789 270 211 267 818 453 118 111
positive/1653799240.9469738.jpg 7 893 305 78 95 821 313 92 164 728 334 126 115 712 401 87 55 694 436 96 61 240 373 104 88 62 322 138 142
positive/1653799248.9942002.jpg 3 822 438 137 123 822 438 137 123 728 392 214 188
positive/1653799277.130548.jpg 4 332 323 146 151 497 387 84 94 945 339 64 120 885 337 86 90
positive/1653799283.474852.jpg 6 229 449 149 96 168 525 207 71 521 445 100 135 445 456 114 74 701 440 141 89 722 489 208 102
positive/1653799301.705221.jpg 6 462 383 74 80 527 353 87 106 446 321 103 92 583 328 59 75 551 326 56 44 677 351 83 117
positive/1653799304.9379625.jpg 6 326 539 143 57 204 492 131 99 426 383 82 89 506 373 104 182 679 386 84 67 709 511 286 86
positive/1653799308.0293298.jpg 6 780 331 77 160 705 343 103 144 821 409 121 153 929 411 13 151 929 411 82 104 885 393 79 106
positive/1653799895.4910665.jpg 2 291 434 150 106 225 352 144 128
positive/1653799900.4773486.jpg 2 105 326 145 148 25 336 109 126
positive/1653799905.055024.jpg 2 745 330 140 174 474 348 135 149
positive/1653799917.8415987.jpg 7 892 318 100 116 810 308 86 104 725 317 70 91 768 363 88 84 663 369 74 89 585 324 93 126 979 360 33 41
positive/1653799945.1809409.jpg 9 73 357 117 151 97 332 141 108 181 421 119 136 320 395 79 52 287 395 104 100 401 346 140 147 679 316 123 142 834 362 127 155 853 318 121 127
positive/1653799951.331603.jpg 3 281 330 97 107 240 362 96 92 223 405 97 127
positive/1653799957.2694018.jpg 6 338 411 142 86 240 430 129 129 751 346 131 155 913 369 88 107 110 422 133 149 167 358 103 147
positive/1653799962.206243.jpg 5 370 339 136 186 125 425 180 145 907 383 102 156 897 331 97 120 2 332 74 176
positive/1653799966.7431011.jpg 4 820 332 100 116 202 337 182 182 76 327 145 185 5 296 80 179
positive/1653799970.9611259.jpg 6 777 411 154 176 71 363 135 137 196 315 137 211 321 462 213 134 415 491 119 105 415 491 163 107
positive/1653799973.8461285.jpg 4 641 387 61 57 690 342 79 153 514 348 75 94 558 330 76 60
positive/1653799979.7534986.jpg 2 407 379 95 63 374 447 131 132
positive/1653799982.8433201.jpg 3 732 436 233 167 156 501 112 79 234 550 125 52
positive/1653799988.372975.jpg 4 837 444 141 121 853 353 123 123 425 362 124 197 46 390 202 185
positive/1653799993.5902233.jpg 5 122 407 170 174 546 414 105 154 723 475 113 119 841 449 87 63 851 438 140 156
positive/1653799997.8497345.jpg 4 813 429 123 132 140 439 137 131 408 437 123 139 309 373 163 157
positive/1653800001.1910262.jpg 7 715 330 178 156 257 371 100 104 331 354 77 80 418 373 76 121 492 387 76 71 399 321 78 80 465 321 54 151
positive/1653800006.8247461.jpg 4 123 299 91 126 292 364 74 99 241 331 63 114 770 358 142 154
positive/1653800009.963169.jpg 4 139 384 215 165 377 318 131 114 614 351 128 135 660 390 132 163
positive/1653800014.8611765.jpg 6 437 315 99 168 516 407 91 56 262 372 155 131 353 327 94 98 56 296 138 146 161 321 116 105
positive/1653800019.3956974.jpg 5 518 395 107 206 466 439 138 100 6 439 80 130 137 437 174 151 104 384 169 100
positive/1653800048.0635896.jpg 3 391 338 147 137 704 305 116 119 880 425 126 174
positive/1653800051.4865327.jpg 9 32 308 110 152 115 294 101 143 230 351 123 146 339 395 95 42 365 419 104 106 324 341 72 83 370 359 77 49 723 355 151 170 873 281 103 124
positive/1653800057.9104674.jpg 8 925 341 83 167 57 465 175 131 12 343 171 148 215 398 134 176 302 463 164 137 361 416 97 69 425 383 127 174 521 496 143 106
positive/1653800060.9197562.jpg 7 83 290 139 106 266 349 108 99 283 319 123 91 413 327 80 161 493 372 71 92 732 312 112 115 852 319 113 131
positive/1653800066.1734004.jpg 4 664 341 195 156 428 303 128 121 180 381 154 125 272 361 177 105
positive/1653800069.3975098.jpg 3 313 382 188 180 750 383 197 183 6 327 78 135
positive/1653800076.5318868.jpg 8 880 399 94 100 143 357 104 104 166 283 150 123 292 366 74 99 353 369 97 148 404 310 95 172 423 296 86 114 433 307 54 33
positive/1653800080.7540667.jpg 8 58 249 49 38 12 295 188 137 184 274 109 202 428 320 104 189 780 396 127 187 804 343 136 99 647 372 97 84 537 381 80 97
positive/1653800086.3982885.jpg 3 62 262 133 157 215 331 186 156 3 354 109 167
positive/1653800132.5773113.jpg 4 273 369 132 138 123 373 115 105 131 328 169 167 786 452 127 147
positive/1653800135.6044612.jpg 8 877 371 124 127 480 343 106 88 516 298 73 68 564 360 70 52 641 332 52 100 668 348 63 174 743 391 125 78 789 337 66 154
positive/1653800138.73113.jpg 8 456 316 128 127 397 310 97 186 273 294 86 173 192 308 80 183 163 341 69 60 263 343 53 37 84 301 123 124 97 261 105 75
positive/1653800142.4758387.jpg 2 345 395 109 77 173 415 151 127
positive/1653800146.3424165.jpg 8 126 345 78 62 177 324 121 159 656 360 68 182 742 395 91 183 871 410 139 190 817 422 85 133 935 381 51 46 963 411 48 115
positive/1653800152.5206378.jpg 8 139 358 111 115 439 360 84 97 724 393 94 170 637 346 92 146 741 367 56 137 882 421 85 131 783 377 96 177 844 441 52 44
positive/1653800242.801418.jpg 4 103 329 81 88 45 257 112 107 1 318 53 119 909 362 102 217
positive/1653800245.4790711.jpg 8 911 361 100 220 438 368 120 172 459 317 81 92 426 354 82 102 263 367 188 163 164 288 177 139 277 255 122 97 349 358 71 35
positive/1653800250.5195353.jpg 3 821 368 157 215 778 413 72 106 481 338 139 146
positive/1653800264.5817626.jpg 5 100 421 142 118 350 407 158 129 663 455 130 135 805 462 143 135 953 468 56 129
positive/1653801388.7826853.jpg 3 525 404 83 58 766 441 113 98 674 444 103 119
positive/1653801392.9082925.jpg 9 339 360 106 91 232 270 84 64 401 303 93 75 619 330 108 129 741 368 106 150 838 464 105 107 849 414 117 115 903 324 92 127 872 385 127 120
positive/1653801396.2209094.jpg 11 106 237 76 57 173 361 143 139 270 289 92 65 436 356 91 184 412 342 68 180 374 367 92 55 518 421 68 88 702 423 198 158 768 424 127 161 849 410 132 189 750 305 129 137
positive/1653801400.6896787.jpg 2 836 424 131 144 722 395 87 105
positive/1653801435.5108974.jpg 6 91 273 239 286 250 366 199 199 306 385 63 145 422 382 99 182 456 442 103 116 609 391 132 160
positive/1653801441.377967.jpg 4 323 336 127 170 454 324 112 133 574 317 211 180 565 384 64 50
positive/1653801444.8996127.jpg 6 50 416 125 99 8 263 118 304 93 335 93 115 43 338 91 116 900 370 105 175 933 415 74 83
positive/1653801449.6074595.jpg 6 32 467 178 131 366 411 158 173 310 389 198 168 539 299 315 289 747 435 132 97 523 412 126 149
positive/1653801453.86216.jpg 5 290 329 122 122 30 334 115 89 5 246 91 323 668 425 102 82 632 378 101 111
positive/1653801457.2440128.jpg 3 33 339 97 97 267 383 188 147 239 430 125 124
positive/1653801460.0762227.jpg 5 104 415 199 156 693 328 103 171 785 376 80 81 817 299 91 131 888 311 100 123
positive/1653801466.0900457.jpg 3 385 507 169 90 739 363 125 207 848 504 111 91
positive/1653801470.318161.jpg 5 52 393 170 184 69 366 105 88 348 327 79 160 238 346 137 122 301 395 68 59
positive/1653801473.074012.jpg 5 356 332 114 95 558 411 73 93 505 358 117 81 794 337 107 162 890 332 104 186
positive/1653801477.7812917.jpg 5 34 472 186 125 428 426 129 143 545 433 89 135 669 375 86 205 631 370 92 200
positive/1653801481.5603354.jpg 4 265 347 103 168 309 376 94 91 429 350 81 79 510 324 86 159
positive/1653801730.5236375.jpg 5 382 415 104 110 47 406 207 159 101 367 164 137 909 316 87 157 948 392 61 99
positive/1653801733.8148818.jpg 4 77 374 142 179 417 409 135 150 597 331 94 78 681 326 112 141
positive/1653801739.801016.jpg 4 231 384 137 170 337 462 137 139 499 428 136 173 485 469 82 80
positive/1653801742.402221.jpg 4 590 356 93 94 697 317 59 149 667 315 68 144 675 368 73 65
positive/1653801745.5473697.jpg 3 651 375 121 170 666 416 141 119 832 367 125 203
positive/1653801749.271942.jpg 3 730 372 122 198 789 361 111 203 834 442 131 106
positive/1653801774.7833905.jpg 4 907 332 103 85 156 335 178 134 20 394 202 149 3 369 85 89
positive/1653801777.9060833.jpg 2 447 391 111 97 56 287 362 283
positive/1653801783.6440907.jpg 4 43 441 141 130 64 274 295 295 786 396 221 183 885 422 113 168
positive/1653801812.0993872.jpg 3 174 360 158 206 662 431 133 135 727 264 284 278
positive/1653801818.3346386.jpg 3 254 387 221 174 454 430 181 144 855 385 152 199
positive/1653801837.9554436.jpg 6 175 413 210 178 242 346 147 128 695 348 109 231 741 374 207 223 942 378 64 79 923 360 86 167
positive/1653801841.6431527.jpg 6 341 337 155 153 748 386 77 65 793 362 131 197 889 318 69 67 805 334 135 143 856 311 62 154
positive/1653801846.553243.jpg 2 231 374 165 157 633 348 147 151
positive/1653801850.1557024.jpg 6 897 298 113 191 345 407 137 188 355 324 91 125 82 348 147 144 188 400 181 132 260 445 66 47
positive/1653801854.1912677.jpg 8 220 349 167 170 408 400 85 56 423 445 127 118 382 323 153 140 621 284 103 122 737 354 148 177 799 394 83 59 892 310 119 211
positive/1653801860.3034596.jpg 7 14 489 177 110 237 529 150 70 412 456 128 132 407 389 94 77 545 468 250 131 532 394 112 175 616 361 120 182
positive/1653801864.6865742.jpg 4 441 392 139 183 232 409 198 157 101 449 157 148 254 488 126 111
positive/1653801867.5828032.jpg 7 5 344 152 165 230 367 127 109 346 402 93 58 429 326 173 115 538 330 61 158 879 278 129 152 569 305 78 123
positive/1653801877.3005657.jpg 2 4 404 80 153 715 388 143 173
positive/1653801879.6392112.jpg 2 344 420 117 140 385 394 172 160
positive/1653801929.2356267.jpg 2 20 414 226 169 116 329 131 138
positive/1653801932.803957.jpg 3 772 371 111 98 446 342 146 136 4 337 75 154
positive/1653801934.683179.jpg 2 236 377 167 167 805 403 131 122
positive/1653801942.788089.jpg 7 351 393 89 63 402 370 129 180 494 332 117 123 619 330 107 109 669 408 95 110 733 284 115 127 699 326 74 65
positive/1653802022.2779763.jpg 7 199 366 179 169 386 388 145 190 791 358 143 204 675 346 135 154 633 381 76 66 552 405 110 72 570 447 117 119
positive/1653802026.8465343.jpg 8 103 431 109 103 34 432 141 126 12 349 88 69 228 362 140 172 300 384 202 166 347 330 138 95 882 314 114 117 932 371 79 149
positive/1653802032.2103403.jpg 5 504 355 93 80 616 427 73 114 672 359 122 206 728 343 119 147 813 329 135 170
positive/1653802039.258819.jpg 3 334 333 158 165 245 348 138 135 283 353 154 143
positive/1653802042.694765.jpg 2 155 359 174 157 420 367 162 135
positive/1653802047.6833534.jpg 8 880 362 124 152 791 393 91 89 618 296 91 98 653 308 54 40 733 295 64 90 765 305 58 104 648 361 83 151 689 373 125 145
positive/1653802051.5703907.jpg 9 7 284 141 203 466 281 82 157 384 241 88 108 290 353 189 185 192 303 118 180 314 404 107 115 324 270 81 122 363 291 32 22 333 274 50 54
positive/1653802059.1704235.jpg 3 48 381 159 180 633 381 212 182 810 341 125 222
positive/1653802062.334896.jpg 6 399 386 101 84 128 335 109 175 76 400 223 148 205 372 204 197 671 347 146 145 825 359 144 217
positive/1653802065.772079.jpg 5 119 347 179 175 7 397 114 180 2 369 37 62 505 290 291 228 847 394 118 125
positive/1653802069.585653.jpg 3 730 379 109 127 151 369 191 168 15 331 156 137
positive/1653802081.9774647.jpg 6 750 386 86 107 800 351 123 221 908 424 101 140 206 282 214 237 5 341 153 187 93 351 143 146
positive/1653802088.6807113.jpg 3 675 359 122 205 319 352 108 207 89 258 280 324
positive/1653802092.3320248.jpg 2 344 332 160 144 138 374 189 167
positive/1653802126.2128947.jpg 4 11 323 91 152 113 371 84 96 175 401 251 161 682 246 251 261
positive/1653802129.6892796.jpg 3 139 404 121 132 402 372 151 193 677 366 150 199
positive/1653802134.8998542.jpg 4 89 259 389 318 426 448 168 149 639 481 154 117 916 336 89 232
positive/1653802141.1336827.jpg 3 24 312 122 164 82 361 221 152 399 343 137 186
positive/1653802145.905934.jpg 3 265 388 214 194 460 373 158 208 696 376 116 104
positive/1653802154.0453975.jpg 7 21 228 137 159 169 371 226 180 239 268 111 118 250 292 57 36 346 276 83 143 395 323 104 80 333 344 104 62
positive/1653802159.879718.jpg 2 338 374 116 132 429 351 105 107
positive/1653802193.892242.jpg 7 40 321 110 103 170 283 109 81 717 397 77 105 815 392 101 180 797 323 79 128 878 381 112 115 856 354 66 128
positive/1653802199.3614008.jpg 3 236 339 177 137 364 324 133 123 6 346 137 194
positive/1653802206.3349364.jpg 6 303 365 131 184 283 304 104 108 39 400 131 102 69 312 155 136 135 348 68 87 925 371 84 205
positive/1653802214.7948928.jpg 4 95 354 182 158 758 350 97 95 834 314 128 159 971 331 40 101
positive/1653802219.2400258.jpg 1 413 432 143 131
positive/1653802224.6278105.jpg 3 769 333 140 146 788 322 129 149 2 450 78 149
positive/1653802227.8452742.jpg 7 393 326 66 63 460 312 124 123 557 342 64 168 582 307 79 99 668 402 87 92 673 329 131 156 805 336 64 47
positive/1653802315.60955.jpg 7 46 389 91 50 8 398 201 176 253 425 91 116 206 356 174 134 343 363 143 150 483 385 118 192 943 367 66 146
positive/1653802322.1806889.jpg 4 70 404 108 77 3 436 44 63 709 309 162 188 881 327 129 198
positive/1653802330.7629824.jpg 5 25 426 132 108 105 382 126 188 209 455 154 123 139 367 193 151 273 298 103 120
positive/1653802336.1109667.jpg 4 915 377 95 202 113 414 245 165 71 372 162 134 248 385 167 154
positive/1653802342.150506.jpg 8 125 283 146 196 290 274 112 122 386 361 87 72 425 277 81 126 505 355 71 83 544 311 151 105 700 412 214 189 630 408 100 99
positive/1653802349.277531.jpg 6 10 350 165 161 121 334 185 166 311 344 116 199 434 349 97 177 671 335 148 180 785 395 101 75
positive/1653802365.6208425.jpg 6 680 330 87 147 330 397 99 108 168 356 153 137 8 331 136 144 789 308 96 177 678 250 228 202
positive/1653802368.516722.jpg 3 203 272 313 314 432 338 96 187 393 382 92 110
positive/1653802380.0866256.jpg 4 329 349 156 163 574 421 120 93 711 366 145 164 778 263 226 264
positive/1653802383.7235763.jpg 5 56 314 182 153 270 316 122 134 434 374 81 73 343 322 76 162 394 314 72 170
positive/1653802389.4085875.jpg 6 64 263 117 151 154 395 148 146 348 395 193 160 395 516 217 87 547 369 61 181 505 451 123 91
positive/1653802410.6873076.jpg 8 329 347 61 67 316 301 131 115 324 311 52 39 722 337 63 43 841 278 117 126 412 355 158 154 554 346 73 197 625 339 80 226
positive/1653802417.2347343.jpg 5 178 378 201 182 365 422 121 144 393 417 88 47 796 427 121 107 648 407 127 194
positive/1653802424.164079.jpg 6 856 344 151 175 779 422 130 117 669 359 106 190 748 362 89 201 712 341 119 166 540 419 64 59
positive/1653802430.5034127.jpg 7 430 315 118 112 432 411 97 74 201 418 204 177 300 484 154 100 24 391 143 172 0 378 57 186 5 403 140 170
positive/1653802440.0053976.jpg 6 3 329 116 159 788 326 86 108 654 424 123 132 895 367 97 198 878 331 123 175 957 404 52 154
positive/1653802445.1517878.jpg 4 87 360 95 102 400 375 96 78 279 396 139 159 169 392 247 170
positive/1653802449.047808.jpg 5 785 324 139 177 934 358 76 199 90 455 248 144 239 501 156 101 160 407 107 72
positive/1653802452.1926801.jpg 6 176 326 160 138 298 366 70 44 332 370 78 96 406 335 144 137 519 319 117 119 444 342 124 115
positive/1653802456.541926.jpg 5 781 369 226 190 99 398 198 153 146 372 177 141 20 342 160 161 6 328 106 144
positive/1653802465.0359075.jpg 6 70 296 88 82 118 308 131 115 260 276 96 149 410 324 143 118 520 342 129 126 469 426 111 93
positive/1653802468.500121.jpg 6 223 367 213 186 375 389 175 154 753 376 95 104 610 340 124 142 621 323 79 181 591 351 87 214
positive/1653802475.3276122.jpg 6 170 400 218 161 422 357 199 226 552 399 64 58 726 353 106 212 815 362 96 202 870 403 135 194
positive/1653802479.755797.jpg 8 235 314 108 109 275 332 149 123 437 308 49 147 404 311 70 134 380 344 67 42 711 314 115 131 485 326 132 91 468 360 179 189
positive/1653802485.7430577.jpg 3 72 368 193 167 362 357 167 150 712 434 145 131
positive/1653802489.0966558.jpg 5 38 393 126 109 454 331 98 180 675 290 86 119 698 389 97 104 567 360 95 65
positive/1653802495.1802626.jpg 4 459 418 124 137 526 465 149 134 693 389 97 172 682 343 94 178
positive/1653802505.0873287.jpg 6 156 394 217 154 265 366 101 88 359 336 134 145 474 254 192 181 773 368 93 112 922 380 86 119
positive/1653802509.1269054.jpg 7 21 371 66 63 69 294 123 135 110 332 84 152 186 394 231 156 194 368 217 135 201 350 142 132 263 375 149 148
positive/1653802513.1739655.jpg 7 159 283 111 152 36 285 110 123 83 314 69 74 436 424 138 138 724 290 117 133 646 366 138 195 946 412 65 108
positive/1653802522.2588294.jpg 3 195 325 207 201 428 470 162 130 498 378 114 181
positive/1653802528.904844.jpg 5 5 308 150 169 323 412 191 184 680 363 206 198 813 382 189 203 2 350 49 102
positive/1653802538.2596493.jpg 4 12 404 101 99 18 332 130 122 771 387 89 98 843 328 141 199
positive/1653802541.037801.jpg 3 286 360 132 182 324 343 138 144 436 375 116 119
positive/1653802563.602515.jpg 2 64 384 115 118 133 394 220 172
positive/1653803324.5576537.jpg 4 222 367 147 205 20 381 214 165 4 329 109 150 244 353 85 181
positive/1653803331.0394852.jpg 4 392 338 157 143 533 273 63 126 382 417 99 80 559 333 68 95
positive/1653803338.9721136.jpg 5 285 413 123 134 433 383 118 66 422 436 128 128 760 357 98 206 850 347 114 212
positive/1653803421.4102907.jpg 4 335 369 94 88 470 330 98 174 518 342 143 155 651 381 117 105
positive/1653803426.492186.jpg 5 268 333 154 126 385 327 140 131 708 394 73 73 733 376 246 193 848 364 104 192
positive/1653803432.574392.jpg 7 44 371 79 50 2 368 119 123 315 410 164 139 336 351 135 114 446 365 60 56 688 330 128 139 840 339 129 166
positive/1653803440.8486595.jpg 8 82 399 168 175 308 444 81 67 335 456 95 71 383 362 142 110 462 424 85 57 767 383 131 117 495 460 103 120 437 411 90 164
positive/1653803714.6617613.jpg 10 102 384 144 150 231 427 72 56 259 442 68 56 230 366 167 133 302 471 114 106 400 381 97 171 414 412 74 46 480 403 88 76 855 288 112 138 910 328 98 178
positive/1653803718.3973212.jpg 4 178 398 201 154 375 404 95 88 273 335 126 140 354 330 93 119
positive/1653803722.813791.jpg 2 178 387 205 174 60 388 141 184
positive/1653803728.5672994.jpg 5 772 385 222 194 694 377 115 191 357 403 204 171 404 390 90 157 507 433 101 105
positive/1653803755.8615818.jpg 5 402 330 99 155 199 394 186 162 215 415 76 48 8 381 194 153 36 347 148 123
positive/1653803760.0826588.jpg 5 71 359 103 107 233 407 161 150 310 325 104 109 6 420 102 118 930 336 79 141
positive/1653803766.8619072.jpg 5 269 424 147 140 322 375 138 111 829 403 179 198 624 338 128 119 9 470 81 63
positive/1653803777.7725995.jpg 3 312 358 154 120 385 350 165 147 360 347 95 114
positive/1653803787.847841.jpg 6 10 344 103 133 113 379 192 182 243 366 115 200 356 359 114 205 447 428 136 136 880 320 120 157
positive/1653803795.5589135.jpg 3 713 351 119 180 776 366 86 188 845 367 104 205
positive/1653803799.217776.jpg 5 293 337 138 162 394 351 89 165 466 341 97 148 642 342 131 146 845 432 127 137
positive/1653803809.4768913.jpg 6 227 350 185 151 423 334 155 118 458 400 100 99 678 359 91 94 872 311 113 135 531 316 111 127
positive/1653804244.0382628.jpg 1 137 402 91 110
positive/1653804250.3179796.jpg 4 198 398 198 166 404 386 119 83 377 472 177 120 746 390 218 185
positive/1653804509.9245987.jpg 5 317 353 119 174 115 365 201 156 24 401 189 172 1 367 95 86 812 332 176 195
positive/1653804515.7300777.jpg 6 146 355 122 107 75 442 95 76 312 423 206 154 395 375 147 138 742 327 142 144 586 399 193 143
positive/1653804521.7188168.jpg 12 309 338 132 122 272 420 109 105 95 395 214 177 540 353 59 41 1 401 92 187 549 379 77 76 699 363 59 40 750 421 72 56 695 316 110 126 722 370 30 28 835 387 86 65 871 365 120 202
positive/1653804542.5984654.jpg 10 181 338 167 126 411 380 77 80 394 433 137 110 91 450 129 119 132 394 168 154 91 393 149 141 813 337 133 129 885 360 54 56 877 283 60 103 974 292 34 65
positive/1653804548.5334263.jpg 5 5 350 230 210 292 366 198 159 493 430 95 121 528 346 81 176 365 338 85 168
positive/1653804558.0355132.jpg 6 333 343 132 134 730 302 101 126 915 360 95 184 658 399 81 103 596 377 71 49 557 397 62 65
positive/1653804563.9338737.jpg 8 49 442 113 117 116 488 103 98 161 501 187 101 683 430 90 63 772 385 113 74 738 360 135 208 939 361 70 161 814 408 56 43
positive/1653804567.0122638.jpg 11 201 364 79 117 5 381 51 100 4 339 72 120 314 336 155 126 300 332 127 116 523 337 55 59 783 318 135 105 635 336 86 155 665 308 65 53 598 355 71 90 599 316 114 113
positive/1653804570.7590203.jpg 5 177 426 164 137 59 366 73 56 827 307 161 147 505 331 114 118 583 321 94 110
positive/1653804575.8587928.jpg 4 384 352 146 137 687 348 135 153 769 395 81 76 907 347 99 134
positive/1653804580.173823.jpg 3 113 366 141 196 762 373 149 204 765 399 106 96
positive/1653804584.4610705.jpg 5 459 356 123 222 554 378 59 71 751 426 246 177 626 401 97 189 560 480 158 118
positive/1653804596.248082.jpg 4 144 403 102 80 341 371 141 136 391 362 160 147 234 349 162 168
positive/1653804601.3643095.jpg 4 379 374 151 139 253 411 149 115 129 486 145 112 175 446 205 153
positive/1653804628.7218091.jpg 11 6 384 163 161 289 417 63 44 317 402 68 56 334 455 88 72 465 393 71 55 151 421 177 175 414 466 146 108 440 403 119 179 809 340 182 201 726 347 248 185 956 323 55 162
positive/1653805757.662379.jpg 11 112 435 200 166 240 472 64 49 300 490 63 53 251 431 195 161 432 465 97 125 492 388 105 190 419 435 75 57 445 394 73 58 815 349 192 198 870 331 104 165 975 331 36 183
positive/1653805761.5471559.jpg 3 100 434 143 143 241 402 102 145 144 378 114 154
positive/1653805767.1011086.jpg 5 210 389 166 155 269 332 140 126 350 359 153 127 457 434 100 118 544 442 98 109
positive/1653805770.9707544.jpg 4 257 326 91 157 448 442 102 106 311 401 183 170 338 345 153 162
positive/1653805780.119085.jpg 3 553 375 102 198 447 389 144 202 368 383 159 195
positive/1653805784.6178696.jpg 3 702 380 108 177 898 391 104 197 938 388 71 130
positive/1653805789.0428805.jpg 8 871 263 58 117 927 293 38 39 906 327 56 36 282 326 170 164 250 317 124 151 116 383 172 158 52 432 76 114 1 437 66 109
positive/1653805793.9436147.jpg 5 57 517 180 77 743 367 101 189 805 420 51 67 863 411 73 72 854 483 112 81
positive/1653805824.0627565.jpg 10 293 368 106 100 165 367 158 131 120 295 115 148 78 384 88 89 6 473 116 126 754 424 87 79 873 323 94 138 913 390 45 44 905 429 48 35 896 367 110 182
positive/1653805832.3806632.jpg 4 94 468 226 130 414 418 149 146 861 459 89 106 956 497 56 85
positive/1653805850.7703567.jpg 5 122 518 89 70 11 382 98 210 397 411 82 60 386 364 171 171 408 375 83 184
positive/1653805863.8297415.jpg 4 12 344 190 191 127 392 154 159 258 376 76 61 321 323 133 124
positive/1653805867.8654997.jpg 1 728 364 144 197
positive/1653805874.5025487.jpg 4 163 439 138 116 301 359 91 173 288 322 89 137 159 329 167 132
positive/1653805880.353763.jpg 3 194 429 130 132 362 463 167 129 5 442 168 160
positive/1653805884.6665668.jpg 5 383 362 77 183 348 357 67 193 298 418 71 107 243 405 84 105 282 381 65 53
positive/1653805888.85839.jpg 6 318 328 110 171 458 384 62 57 490 322 75 162 716 344 140 175 839 374 80 96 950 358 61 175
positive/1653805898.0099673.jpg 4 7 380 102 183 380 366 83 195 420 393 111 166 494 434 68 78
positive/1653805901.2094827.jpg 5 338 427 235 173 751 381 93 214 681 370 95 209 885 430 92 66 901 491 98 74
positive/1653805970.7378957.jpg 4 2 412 48 151 753 430 121 120 835 347 163 208 918 415 70 70
positive/1653805973.4362488.jpg 5 118 446 138 117 249 357 92 175 256 381 151 146 99 382 165 130 226 416 60 48
positive/1653805974.2785833.jpg 5 196 453 124 104 378 427 56 52 409 355 98 199 256 365 169 169 135 370 204 149
positive/1653805977.4762821.jpg 5 592 369 75 48 736 358 81 62 956 352 55 174 905 344 81 165 897 325 105 88
positive/1653805984.4304576.jpg 8 263 358 102 98 144 376 196 162 36 395 198 162 719 326 103 156 763 300 116 128 880 353 120 115 935 351 65 56 911 258 80 88
positive/1653805989.398645.jpg 6 173 394 70 58 655 316 127 149 14 361 170 118 126 433 142 128 40 458 120 129 5 459 69 141
positive/1653805992.852982.jpg 3 62 464 256 137 666 339 100 146 697 358 124 193
positive/1653805995.8227506.jpg 3 538 314 112 125 646 318 62 153 684 308 71 148
positive/1653806000.0632882.jpg 6 262 367 120 190 181 364 90 66 10 329 99 155 24 380 57 36 653 375 105 185 766 371 110 203
positive/1653806012.6143982.jpg 4 478 335 119 191 187 418 88 76 300 407 132 187 234 435 127 161
positive/1653806015.2537887.jpg 5 82 309 154 169 388 333 73 170 426 313 76 144 520 317 68 161 628 334 48 63
positive/1653806018.5575967.jpg 4 415 278 102 127 847 364 117 196 945 344 59 52 926 378 82 201
positive/1653806021.7212856.jpg 6 654 273 100 137 879 358 121 202 235 434 127 97 228 381 113 100 35 385 204 152 116 352 122 125
positive/1653806024.7135983.jpg 8 165 241 123 103 265 257 76 55 545 240 115 125 609 244 129 120 688 285 65 71 778 226 63 141 825 227 59 148 876 225 73 85
positive/1653806028.4403958.jpg 8 537 227 134 121 611 255 49 34 647 245 127 123 730 283 76 74 724 217 42 129 859 243 120 125 905 221 36 127 932 225 38 126
positive/1653806083.5056636.jpg 8 277 223 62 126 307 234 127 140 367 274 36 36 360 239 104 107 457 221 61 157 483 292 63 78 516 237 104 127 592 223 72 142
positive/1653806094.6004853.jpg 8 432 272 89 95 522 287 99 75 580 223 60 132 645 216 54 147 782 230 55 122 751 228 56 128 712 235 51 141 665 239 84 94
positive/1653806142.2844384.jpg 4 109 379 221 174 328 335 87 169 353 364 108 72 893 317 118 181
positive/1653806145.7042227.jpg 1 210 389 154 152
positive/1653806150.7030005.jpg 1 83 355 123 98
positive/1653806184.3461807.jpg 7 6 372 68 106 42 375 207 132 88 337 84 142 215 329 153 131 390 387 141 183 410 439 62 55 966 411 46 69
positive/1653806188.549855.jpg 4 3 379 118 172 233 415 78 73 250 369 133 198 399 381 120 194
positive/1653806191.3211539.jpg 6 45 332 112 147 3 375 36 73 723 354 109 182 847 329 67 175 852 429 126 120 865 380 118 145
positive/1653806231.032217.jpg 9 46 241 103 167 113 256 179 144 215 292 94 112 292 226 85 150 347 229 120 121 467 266 71 85 519 220 91 144 572 270 39 42 665 228 90 139
positive/1653806232.8172956.jpg 9 45 239 95 173 130 267 164 142 203 295 113 91 293 229 89 157 367 271 95 106 422 263 49 43 446 244 136 100 658 237 79 117 724 226 71 131
positive/1653806234.3163161.jpg 9 43 232 107 171 137 262 140 151 220 298 94 94 292 227 82 149 377 278 92 87 425 257 53 55 473 219 99 134 553 224 79 133 661 234 82 123
positive/1653806265.5882063.jpg 6 39 342 95 148 3 328 33 164 129 352 155 150 233 381 110 74 357 369 91 89 363 340 167 149
positive/1653806319.6519573.jpg 2 352 282 114 119 89 305 88 79
positive/1653806334.0283625.jpg 2 240 290 109 116 491 300 66 52
positive/1653806346.0620325.jpg 6 892 324 111 155 965 366 46 45 438 340 107 167 220 445 164 110 86 354 192 168 8 355 117 150
positive/1653806349.188608.jpg 7 407 358 151 131 510 398 70 46 542 411 89 102 443 377 120 203 709 356 119 190 815 354 129 167 899 349 93 170
positive/1653806354.8797455.jpg 9 931 209 79 185 607 229 120 124 568 276 80 96 518 279 76 75 474 226 62 132 414 228 82 133 284 278 56 47 275 244 133 117 384 236 77 97
positive/1653806376.1388962.jpg 2 184 372 108 172 350 365 114 192
positive/1653806392.5227017.jpg 5 227 366 144 193 492 381 94 82 774 368 133 185 803 339 133 176 1 332 64 146
positive/1653806395.4437902.jpg 3 299 365 138 192 412 416 81 63 397 354 178 147
positive/1653806399.5230896.jpg 6 323 323 126 123 464 378 84 88 518 421 88 104 115 390 113 164 176 377 103 163 125 322 152 123
positive/1653806420.6963568.jpg 3 212 362 119 106 1 357 51 85 334 362 128 182
positive/1653806423.255123.jpg 5 4 361 78 125 404 364 102 183 474 395 50 58 652 407 94 99 858 360 145 209
positive/1653806426.1652348.jpg 5 382 390 102 107 673 378 144 170 773 369 119 193 845 449 122 115 891 372 83 92
positive/1653806431.1921835.jpg 5 98 309 86 71 242 333 116 175 332 371 78 100 367 339 75 172 333 397 178 167
positive/1653806463.3853555.jpg 4 328 428 117 139 392 346 120 200 890 462 101 105 261 512 207 88
positive/1653806466.5259387.jpg 5 7 344 197 164 306 315 83 141 310 368 55 67 367 317 41 141 584 387 55 55
positive/1653806490.9974833.jpg 5 709 332 77 166 791 330 66 172 814 351 43 48 832 317 58 74 875 336 135 179
positive/1653806517.8558567.jpg 4 211 352 146 119 114 408 222 151 106 364 92 66 5 330 108 142
positive/1653806529.3204014.jpg 4 82 325 150 121 361 351 151 131 415 413 65 44 444 324 107 123
positive/1653807033.7529216.jpg 4 151 399 154 155 57 376 101 107 94 389 120 105 8 418 132 147
positive/1653807038.112117.jpg 9 163 366 55 44 251 374 50 29 232 340 86 124 320 400 60 34 360 428 62 45 402 357 80 182 15 415 112 97 4 402 150 194 767 312 142 177
positive/1653807043.7210891.jpg 4 243 471 130 68 54 440 82 97 470 392 83 67 493 386 110 171
positive/1653807047.312024.jpg 8 181 369 160 138 545 305 82 121 562 354 27 38 568 370 42 51 765 288 114 107 815 272 84 112 828 290 37 109 21 335 59 135
positive/1653807051.45486.jpg 4 75 379 177 173 267 397 185 157 774 376 75 57 748 390 240 185
positive/1653807078.9474862.jpg 5 133 359 118 191 216 383 58 50 182 334 151 116 305 323 101 187 420 335 84 111
positive/1653807082.3959305.jpg 2 837 411 120 128 940 415 68 110
positive/1653807086.9553707.jpg 5 432 361 78 198 471 441 72 115 417 452 73 112 514 396 62 64 692 378 127 193
positive/1653807089.6632402.jpg 5 42 382 121 170 171 419 74 76 241 423 84 112 306 414 82 114 413 380 129 173
positive/1653807109.5787435.jpg 5 233 351 160 172 343 364 167 139 327 290 97 157 474 364 73 108 593 315 90 134
positive/1653807120.5944302.jpg 5 164 375 86 96 282 391 120 151 317 366 131 130 489 405 88 136 713 369 101 138
positive/1653807491.4908667.jpg 1 268 406 116 135
positive/1653807496.8583171.jpg 4 183 424 98 129 263 401 88 126 756 417 115 127 887 390 103 141
positive/1653807501.648075.jpg 3 47 345 104 191 214 386 148 181 957 425 55 131
positive/1653807503.3344982.jpg 3 415 395 124 163 436 382 71 87 708 365 136 203
positive/1653807765.9593997.jpg 5 67 377 137 145 199 368 102 207 263 328 58 164 288 338 96 173 817 358 145 160
positive/1653807769.1251538.jpg 7 250 269 179 133 570 226 98 166 663 268 49 42 636 246 126 148 808 274 90 114 843 230 107 156 926 274 72 102
positive/1653807787.4516504.jpg 5 3 402 71 129 74 403 149 159 208 374 122 209 429 363 100 205 869 396 95 73
positive/1653807790.5241764.jpg 2 205 383 96 87 598 254 126 133
positive/1653807802.6882162.jpg 4 315 367 108 185 1 349 76 122 737 258 110 123 882 406 92 71
positive/1653807804.9176424.jpg 5 28 307 149 161 3 363 40 78 387 379 151 175 783 378 80 80 738 243 107 125
positive/1653807816.1336126.jpg 8 4 230 146 154 299 259 75 93 336 254 49 43 375 213 90 170 411 227 81 121 446 214 59 94 518 269 81 94 655 207 116 141
positive/1653807826.1074302.jpg 6 64 220 78 133 433 230 129 151 722 221 89 154 798 244 75 112 848 276 68 85 667 256 67 87
positive/1653809291.961028.jpg 5 18 348 111 112 59 376 96 180 177 384 142 178 333 348 91 174 895 386 101 108
positive/1653809297.4926724.jpg 2 855 349 91 60 495 274 119 149
positive/1653809302.044852.jpg 6 894 261 101 137 346 386 180 171 250 391 77 70 170 403 144 158 126 360 92 187 2 377 74 109
positive/1653809310.7454276.jpg 6 520 391 89 199 678 378 84 179 738 379 96 182 223 436 86 63 349 384 141 171 308 436 135 164
positive/1653809316.9063575.jpg 3 205 374 128 163 45 354 85 154 2 365 90 98
positive/1653809320.5177653.jpg 5 0 335 193 143 252 361 97 107 544 329 83 161 755 340 157 178 885 385 67 73
positive/1653809325.0056787.jpg 2 665 373 80 86 869 402 136 143
positive/1653809349.5676548.jpg 5 176 405 223 162 639 381 106 67 755 411 77 55 835 360 124 194 949 369 62 160
positive/1653809354.77078.jpg 2 165 365 137 202 295 427 125 132
positive/1653809372.8782496.jpg 4 62 357 61 70 262 401 87 100 324 329 69 145 361 326 51 131
positive/1653809373.5997427.jpg 4 204 416 120 120 273 336 89 169 382 335 79 158 1 371 42 60
positive/1653809380.9133644.jpg 4 713 433 74 115 783 386 90 74 764 374 77 189 949 394 63 121
positive/1653809387.2359595.jpg 4 265 386 129 167 389 362 97 185 316 418 73 128 468 457 126 143
positive/1653809428.1287663.jpg 5 5 430 119 124 92 323 78 139 319 345 78 173 254 313 133 122 265 424 73 64
positive/1653809434.0468407.jpg 5 438 381 112 186 387 373 97 79 232 376 94 168 156 433 129 139 145 296 137 99
positive/1653809509.9291544.jpg 5 2 306 71 152 31 295 128 92 132 365 79 53 176 294 84 122 219 307 62 75
positive/1653809511.7212305.jpg 4 45 285 106 120 157 301 63 116 206 307 75 74 261 375 73 57
positive/1653809805.4851131.jpg 4 254 352 161 164 71 377 209 168 1 335 98 120 0 431 74 62
positive/1653809818.0348246.jpg 5 713 422 99 69 232 358 110 101 164 397 153 128 66 415 118 134 1 394 63 177
positive/1653809821.5810962.jpg 4 227 422 74 61 283 380 232 164 650 343 144 176 957 338 54 134
positive/1653809827.8677125.jpg 5 119 403 91 113 172 373 80 79 245 358 85 180 300 327 64 136 262 276 116 132
positive/1653809873.5645955.jpg 5 7 291 62 102 39 290 117 152 163 325 79 83 488 389 114 168 455 389 71 64
positive/1653809882.4764087.jpg 3 44 332 94 157 59 289 126 122 261 333 83 78
positive/1653809908.035244.jpg 4 275 441 115 123 327 368 89 180 433 383 118 180 395 421 82 108
positive/1653809911.4822152.jpg 5 310 360 132 188 695 381 86 183 769 373 64 93 782 391 71 79 858 339 93 191
positive/1653809990.5789423.jpg 4 9 377 127 126 58 332 52 54 73 354 167 136 186 391 195 157
positive/1653809994.6736388.jpg 3 335 349 100 165 508 267 89 136 677 367 91 88
positive/1653810004.0245812.jpg 6 131 364 100 196 90 402 86 88 349 374 87 177 385 434 91 121 456 375 96 186 422 378 79 66
positive/1653810048.8129387.jpg 2 795 352 126 178 914 397 70 69
positive/1653810052.1134436.jpg 5 889 338 117 169 913 358 44 53 286 332 79 97 174 334 163 121 1 358 50 201
positive/1653810110.784972.jpg 4 187 326 79 69 310 401 192 160 450 383 118 178 924 374 61 71
positive/1653810114.687236.jpg 3 211 386 80 81 739 370 107 176 853 416 97 117
positive/1653810155.7513313.jpg 5 27 343 107 164 65 321 76 98 219 385 81 60 314 382 122 180 349 400 124 99
positive/1653810159.4548407.jpg 3 2 486 57 108 751 373 132 172 920 365 92 186
positive/1653810444.7517533.jpg 5 416 401 107 118 257 370 180 149 200 372 159 137 669 372 127 180 761 353 72 103
positive/1653810447.8385227.jpg 4 331 417 77 73 380 354 96 183 207 416 105 114 41 387 213 154
positive/1653810455.7993824.jpg 5 117 372 122 177 320 369 115 203 418 392 127 168 0 387 55 58 0 417 87 123
positive/1653810461.1041794.jpg 8 103 375 186 149 348 389 145 177 476 348 76 185 439 392 73 66 667 345 133 142 708 431 110 113 754 431 119 119 958 394 53 134
positive/1653810468.2939098.jpg 5 130 332 99 165 335 430 153 156 288 413 125 157 475 455 118 139 921 257 79 138
positive/1653810477.4785771.jpg 8 398 268 170 147 766 272 64 83 836 229 53 137 887 231 58 137 911 212 34 156 911 212 101 161 971 222 39 120 813 262 52 87
positive/1653810539.5853317.jpg 5 912 271 90 135 266 387 193 150 282 359 80 194 237 424 80 93 1 388 103 169
positive/1653810578.7448604.jpg 2 3 385 172 149 291 430 94 95
positive/1653810847.8800843.jpg 1 218 383 136 186
positive/1653810863.8270903.jpg 2 1 380 201 154 280 468 84 93
positive/1653810873.9782069.jpg 2 101 450 137 139 1 431 86 134
positive/1653810874.6441047.jpg 3 258 410 67 64 302 435 126 138 473 437 109 139
positive/1653810876.1222348.jpg 4 94 390 131 179 50 343 91 151 551 450 86 118 655 420 100 138
positive/1653810911.139863.jpg 4 252 399 84 74 39 349 190 132 66 351 72 168 0 460 101 133
positive/1653810913.2310593.jpg 2 20 400 224 167 225 438 103 135
positive/1653810914.3450558.jpg 2 157 378 197 167 323 416 105 138
positive/1653810964.554878.jpg 1 104 416 169 142
positive/1653810966.4142551.jpg 1 2 444 147 151
positive/1653810969.522874.jpg 5 131 434 84 167 65 532 82 70 230 454 76 73 292 493 184 109 446 403 143 163
positive/1653810971.149941.jpg 3 303 515 103 84 492 415 128 148 370 415 166 121
positive/1653810972.8487966.jpg 4 115 469 86 64 743 434 76 67 838 330 117 213 903 360 109 166
positive/1653810975.3164492.jpg 1 324 460 94 91
positive/1653810991.3367422.jpg 1 125 414 82 61
positive/1653810996.9116948.jpg 1 607 378 174 186
positive/1653810999.0990849.jpg 2 453 381 144 159 722 450 240 153
positive/1653811001.9362817.jpg 3 319 351 59 72 2 376 74 88 1 497 51 84
positive/1653811004.2059398.jpg 2 149 371 121 103 717 403 188 198
positive/1653811005.3839428.jpg 3 216 394 97 101 736 420 194 178 804 392 74 78
positive/1653811010.2015364.jpg 4 9 360 141 142 383 427 73 66 427 418 126 144 729 408 91 82
positive/1653811012.0694463.jpg 2 4 320 143 175 502 420 62 93
positive/1653811017.3265696.jpg 1 672 448 151 143
positive/1653811035.0447946.jpg 1 98 464 119 112
positive/1653811037.171586.jpg 1 246 464 85 93
positive/1653811041.3636897.jpg 1 400 405 115 71
positive/1653811049.981386.jpg 4 699 420 187 181 508 323 121 162 658 360 77 52 898 289 114 171
positive/1653811066.4144638.jpg 4 193 380 198 150 293 428 107 174 374 483 118 118 1 442 77 160
positive/1653811068.0839715.jpg 4 401 467 134 135 510 380 129 213 198 413 195 188 174 409 210 103
positive/1653811139.9186745.jpg 3 647 338 96 154 772 336 124 134 883 311 122 129
positive/1653811145.0577252.jpg 3 295 414 198 140 482 375 124 149 615 388 151 166
positive/1653811147.614993.jpg 1 124 417 166 127
positive/1653811156.634717.jpg 1 8 420 69 51
positive/1653811169.8053873.jpg 3 94 405 119 190 255 334 141 127 899 363 107 214
positive/1653811174.1181905.jpg 5 132 335 154 110 308 336 87 170 481 341 93 168 712 364 161 141 628 346 130 117
positive/1653811177.4855833.jpg 8 97 433 110 118 147 360 89 110 188 391 151 141 312 343 111 116 482 367 135 141 739 335 83 152 894 372 114 180 833 355 125 150
positive/1653811206.9892335.jpg 4 174 430 187 173 87 463 115 93 324 365 141 136 489 339 113 131
positive/1653811209.648079.jpg 5 67 362 147 115 1 364 99 138 667 383 66 53 886 355 125 156 737 405 219 172
positive/1653811237.1741242.jpg 2 21 415 95 71 870 343 112 164
positive/1653811291.0977564.jpg 1 127 376 161 203
positive/1653811295.331741.jpg 4 301 378 120 189 275 409 89 82 6 409 130 138 824 372 151 197
positive/1653811299.1569786.jpg 3 126 444 111 62 533 351 78 138 897 433 110 167
positive/1653811302.878516.jpg 3 333 385 74 89 391 381 79 117 427 367 102 191
positive/1653811306.1737497.jpg 2 131 366 123 180 4 374 116 133
positive/1653811315.2202435.jpg 2 736 341 143 165 859 435 139 136
positive/1653811321.3104863.jpg 4 677 354 113 177 226 401 191 155 221 425 143 141 381 405 58 57
positive/1653811324.1794422.jpg 2 910 392 93 206 819 372 175 219
positive/1653811327.6636963.jpg 4 1 319 114 191 499 366 88 188 379 403 130 146 457 423 89 100
positive/1653811357.725254.jpg 1 2 357 110 149
positive/1653811364.786432.jpg 4 292 380 160 175 781 419 74 83 895 378 114 177 886 328 84 149
positive/1653811370.0536551.jpg 3 357 399 100 200 210 501 106 101 810 371 162 218
positive/1653811373.053941.jpg 5 182 339 89 181 299 375 60 61 384 325 126 147 648 383 133 180 849 377 78 96
positive/1653811376.1657915.jpg 2 496 356 112 209 768 362 138 195
positive/1653811379.1825883.jpg 3 693 363 147 190 900 370 103 185 957 381 54 123
positive/1653811410.1967325.jpg 4 407 405 146 172 374 367 94 121 195 406 219 158 11 379 171 192
positive/1653811412.112029.jpg 3 29 440 167 158 360 473 210 126 471 417 112 168
positive/1653811412.7461958.jpg 3 8 388 158 212 509 381 103 153 393 475 235 127
positive/1653811415.7241757.jpg 3 287 394 214 155 810 370 97 200 880 346 128 189
positive/1653811425.1798353.jpg 2 265 267 160 134 946 217 66 113
positive/1653811451.405329.jpg 2 653 360 150 178 736 347 130 187
positive/1653811454.9216964.jpg 5 141 321 170 186 340 370 90 108 380 354 111 135 405 385 185 158 891 306 93 125
positive/1653811458.6405532.jpg 3 299 400 229 171 677 397 198 162 801 447 110 152
positive/1653811462.2776954.jpg 5 136 507 155 95 809 373 98 198 807 360 57 81 860 354 63 55 717 324 76 137
positive/1653811465.3572068.jpg 5 201 418 86 122 357 399 82 90 402 357 69 176 436 373 104 190 517 391 38 63
positive/1653811468.870618.jpg 5 157 496 163 104 301 441 118 154 346 443 64 49 127 389 137 126 463 377 116 202
positive/1653811473.1905284.jpg 2 443 374 118 188 452 357 60 91
positive/1653811477.2250407.jpg 4 724 431 93 134 786 367 69 186 841 379 91 188 909 402 92 100
positive/1653811488.5567894.jpg 2 413 345 179 162 187 299 122 139
positive/1653811490.0460045.jpg 1 395 384 175 161
positive/1653811507.726587.jpg 2 448 380 156 207 898 340 114 198
positive/1653811509.4383643.jpg 2 482 402 141 153 728 359 152 215
positive/1653811515.3497784.jpg 2 446 430 137 142 631 346 142 139
positive/1653811517.8317165.jpg 2 418 413 176 150 504 462 99 90
positive/1653811942.2934456.jpg 5 171 378 110 149 233 389 99 152 310 416 79 106 378 309 230 173 436 398 140 133
positive/1653811978.0263011.jpg 5 787 334 198 254 806 422 103 180 778 422 69 171 963 462 48 117 14 427 176 173
positive/1653811980.8883688.jpg 2 301 270 228 270 484 346 81 138
positive/1653811983.4991803.jpg 6 181 388 129 139 269 414 64 101 92 381 150 143 843 400 91 151 889 287 123 271 790 423 105 108
positive/1653811986.6070044.jpg 2 846 367 104 196 921 272 89 285
positive/1653811990.8137612.jpg 4 398 418 88 123 452 380 73 154 488 324 144 236 112 87 283 142
positive/1653811994.0300963.jpg 3 7 305 242 232 189 422 80 119 241 400 98 144
positive/1653811995.3592112.jpg 2 73 290 273 260 435 362 87 200
positive/1653811999.0371637.jpg 2 445 362 111 153 539 328 231 226
positive/1653812003.9258928.jpg 2 578 308 202 264 665 388 111 176
positive/1653812008.8873487.jpg 2 555 379 162 188 674 370 293 233
positive/1653812010.8520231.jpg 3 522 402 171 171 674 444 81 128 727 288 159 278
positive/1653812014.4648955.jpg 3 750 365 102 151 721 386 84 106 770 268 152 210
positive/1653812017.6675775.jpg 1 824 285 122 187
positive/1653812020.6651673.jpg 2 367 322 291 235 720 374 153 195
positive/1653812024.0480757.jpg 2 253 306 226 246 484 390 112 166
positive/1653812026.4767783.jpg 2 112 297 284 272 454 371 137 185
positive/1653812073.3981364.jpg 1 130 388 190 158
positive/1653812076.451395.jpg 4 760 509 162 92 842 377 80 192 3 423 149 104 5 501 142 99
positive/1653812079.0359209.jpg 4 185 414 131 119 711 448 149 101 707 352 74 157 959 374 51 157
positive/1653812081.5784473.jpg 3 270 364 95 179 335 435 85 99 565 410 201 89
positive/1653812101.3642142.jpg 7 371 419 105 127 302 357 91 152 141 397 96 146 52 410 143 147 87 335 102 114 2 345 79 149 1 320 61 91
positive/1653812103.7991843.jpg 7 190 403 208 157 193 312 147 113 503 379 104 156 440 372 92 179 440 383 68 68 593 468 215 113 926 431 85 149
positive/1653812107.2676346.jpg 7 422 507 162 93 528 393 86 176 505 396 73 104 642 408 99 191 693 505 181 97 889 470 120 130 910 446 97 85
positive/1653812111.4309218.jpg 4 110 399 145 106 564 346 55 138 860 354 110 146 809 366 57 61
positive/1653812113.776999.jpg 7 94 400 126 154 202 374 68 150 253 421 83 84 91 386 179 64 337 341 95 126 591 402 163 131 186 116 281 147
positive/1653812117.0949988.jpg 3 739 395 215 173 887 362 89 182 976 433 33 49
positive/1653812120.6526058.jpg 5 647 390 76 96 380 392 135 144 327 411 60 60 172 399 203 140 182 381 124 178
positive/1653812124.3305745.jpg 5 468 427 113 121 359 372 95 192 305 355 73 205 203 400 138 166 159 410 141 152
positive/1653812128.0025518.jpg 3 355 418 205 178 777 460 73 135 761 392 75 171
positive/1653812133.980927.jpg 1 722 377 99 198
positive/1653812153.5970194.jpg 2 273 352 127 132 381 321 150 117
positive/1653812155.702889.jpg 2 353 360 159 133 276 332 141 118
positive/1653812182.7189908.jpg 5 131 338 112 74 133 432 145 124 0 275 95 121 21 254 83 88 959 373 51 151
positive/1653812185.6030633.jpg 7 144 330 93 82 30 242 72 98 0 280 116 104 855 335 108 173 926 377 37 131 926 377 37 131 926 377 86 150
positive/1653812190.234176.jpg 3 140 322 100 91 84 247 74 140 2 280 110 107
positive/1653812223.949897.jpg 5 319 441 198 160 500 393 69 74 653 381 94 194 722 443 73 129 737 481 255 120
positive/1653812227.4130428.jpg 6 2 251 87 111 199 327 94 80 523 327 80 139 617 362 78 107 681 345 72 136 567 346 68 60
positive/1653812231.9235451.jpg 6 23 317 104 121 4 258 97 105 308 320 67 94 293 351 159 91 432 405 64 48 792 417 183 156
positive/1653812235.8792574.jpg 6 191 283 155 110 33 251 153 133 568 423 76 118 698 407 57 71 778 430 74 105 829 382 86 142
positive/1653812240.9303825.jpg 4 330 388 226 145 1 306 129 145 565 539 116 63 659 499 159 101
positive/1653812242.7690196.jpg 4 4 326 144 167 333 396 211 148 664 448 112 124 828 432 136 167
positive/1653812248.0989115.jpg 2 447 409 132 139 296 384 204 132
positive/1653812445.8374896.jpg 4 308 396 217 140 517 386 114 180 474 376 97 82 901 479 95 123
positive/1653812448.24002.jpg 5 302 399 212 141 509 389 113 166 560 410 98 111 671 412 85 188 743 493 98 107
positive/1653812452.075325.jpg 2 373 401 151 152 552 389 130 174
positive/1653812456.2352488.jpg 2 480 379 107 159 520 435 71 89
positive/1653812463.5137067.jpg 1 894 427 115 146
positive/1653812466.4094584.jpg 1 620 352 129 178
positive/1653812468.6954803.jpg 1 355 340 199 167
positive/1653812482.3331149.jpg 2 765 341 84 139 593 364 73 67
positive/1653812504.2456436.jpg 7 460 332 98 168 594 356 42 43 681 399 115 118 648 13 69 75 903 12 49 56 862 39 29 26 727 40 48 28
positive/1653812511.8134413.jpg 1 369 288 120 143
positive/1653812557.3736339.jpg 6 17 365 119 132 3 354 69 140 927 390 85 172 761 380 101 73 922 13 47 47 79 30 55 43
positive/1653812559.125303.jpg 4 91 349 130 104 66 346 87 106 766 412 67 89 936 417 75 144
positive/1653812562.2400742.jpg 6 268 360 143 102 157 388 182 136 117 338 115 119 75 345 118 121 799 411 119 152 747 385 99 84
positive/1653812563.9991238.jpg 4 254 321 153 153 149 380 166 168 111 360 103 108 67 341 107 107
positive/1653812569.8128068.jpg 4 270 415 176 152 281 367 98 146 229 340 93 119 205 348 64 106
positive/1653812571.497756.jpg 1 340 424 214 133
positive/1653812573.1590326.jpg 2 344 411 217 155 214 368 146 118
positive/1653812575.4865232.jpg 1 435 429 162 141
positive/1653812678.59426.jpg 4 197 393 160 156 567 490 195 112 780 481 146 120 759 403 171 151
positive/1653812686.5010414.jpg 2 314 124 48 105 71 151 90 70
positive/1653812715.310915.jpg 2 186 388 206 183 476 478 94 74
positive/1653812724.4527812.jpg 1 884 370 100 184
positive/1653812745.229829.jpg 5 64 149 82 161 4 152 99 103 357 176 104 91 237 183 89 62 4 174 46 114
positive/1653812747.5626178.jpg 4 425 152 93 120 208 161 90 132 38 144 152 138 6 178 27 104
positive/1653812753.331054.jpg 4 399 322 85 100 494 425 110 97 648 350 74 169 751 337 148 164
positive/1653812758.4780495.jpg 6 415 405 70 103 605 372 95 111 193 417 181 142 2 423 125 143 150 28 59 49 27 37 48 46
positive/1653812763.2388828.jpg 2 290 378 214 146 231 23 46 40
positive/1653812799.1841424.jpg 7 5 415 144 169 745 424 136 136 854 383 27 177 854 383 157 200 899 54 62 50 807 66 63 60 786 74 31 51
positive/1653812802.2735.jpg 9 239 394 148 136 338 343 124 165 765 417 129 130 956 374 55 166 30 402 95 68 126 375 75 156 155 404 134 137 881 64 69 66 980 51 30 72
positive/1653812807.5553088.jpg 5 176 400 167 135 658 383 70 99 964 356 47 112 164 95 69 77 123 123 48 33
positive/1653812810.9407625.jpg 2 387 405 80 63 179 99 67 79
positive/1653812828.3709466.jpg 7 397 389 187 141 638 356 153 111 49 441 93 157 246 84 91 71 314 84 59 81 376 67 54 90 848 113 38 39
positive/1653812831.4807656.jpg 7 175 454 138 149 646 372 153 131 829 335 162 156 275 71 67 91 386 92 47 58 443 90 42 70 894 101 65 55
positive/1653812834.5278306.jpg 7 94 95 78 87 88 439 136 157 258 443 125 143 7 207 207 136 534 353 68 31 640 370 112 149 715 352 94 163
positive/1653812838.0042236.jpg 4 431 404 76 68 678 388 184 155 66 111 101 62 668 100 49 73
positive/1653812857.7702615.jpg 4 433 436 126 140 199 446 159 146 119 468 181 133 1 561 68 41
positive/1653812860.4394107.jpg 3 485 464 57 100 404 434 103 166 174 474 228 125
positive/1653812866.3674362.jpg 1 536 389 85 189
positive/1653812888.4956331.jpg 2 693 444 135 135 745 361 143 135
positive/1653812890.8658195.jpg 2 250 396 189 153 41 377 74 67
positive/1653812921.4543808.jpg 3 203 350 152 157 445 420 71 82 539 368 178 106
positive/1653812924.2555068.jpg 3 486 346 173 160 635 385 218 118 915 278 79 137
positive/1653812927.5680814.jpg 2 731 389 200 166 724 441 86 51
positive/1653812932.0664284.jpg 3 566 339 72 92 156 31 45 49 593 38 76 61
positive/1653812933.244211.jpg 3 549 341 64 91 152 19 78 61 244 26 30 67
positive/1653812973.1322212.jpg 3 544 340 69 109 585 333 79 78 234 10 50 57
positive/1653812978.7877035.jpg 1 413 381 123 189
positive/1653813003.9176211.jpg 2 871 353 121 184 828 341 74 111
positive/1653813005.5979426.jpg 2 875 371 121 188 831 357 122 128
positive/1653813008.2816978.jpg 3 750 431 129 135 827 329 137 157 780 327 54 57
positive/1653813043.996704.jpg 3 454 53 123 115 319 60 95 114 47 53 133 122
positive/1653813045.60696.jpg 3 184 353 159 113 435 397 147 144 4 367 81 104
positive/1653813074.741858.jpg 4 99 405 83 158 271 402 76 84 333 371 107 120 375 390 109 137
positive/1653813077.8147118.jpg 2 451 344 85 144 3 388 44 94
positive/1653813085.9133215.jpg 5 413 382 74 117 441 364 72 65 190 421 197 150 186 366 150 115 281 380 89 60
positive/1653813097.083725.jpg 1 361 388 147 176
positive/1653813104.964694.jpg 5 251 361 130 107 236 433 92 83 460 351 107 122 591 329 113 91 585 444 91 107
positive/1653813126.1282198.jpg 2 278 495 145 99 202 481 72 74
positive/1653813219.3616855.jpg 5 209 457 61 67 37 374 46 49 282 419 176 144 406 379 127 123 751 305 133 140
positive/1653813224.3539252.jpg 9 145 372 174 135 278 327 65 102 6 285 97 149 5 378 70 93 648 362 100 131 737 399 50 99 771 423 119 132 893 352 87 208 972 358 39 129
positive/1653813226.9731302.jpg 6 334 384 77 67 420 397 105 88 347 348 179 75 760 348 140 148 778 412 81 51 961 407 50 126
positive/1653813235.6323812.jpg 9 307 429 137 174 411 349 77 47 167 411 115 158 215 411 142 130 98 405 135 138 681 401 119 92 846 340 116 128 827 433 66 72 961 444 47 104
positive/1653813236.9551058.jpg 9 1 500 85 88 245 408 137 153 249 446 75 60 344 382 88 144 466 364 67 71 641 428 104 116 752 415 89 60 837 322 104 145 919 417 80 135
positive/1653813239.9483955.jpg 8 190 376 172 126 424 329 68 177 468 351 61 62 490 453 72 52 532 390 58 93 643 401 104 117 524 328 91 47 745 371 219 104
positive/1653813244.756277.jpg 4 643 388 125 148 707 414 136 159 800 403 74 59 854 365 119 197
positive/1653813245.8542743.jpg 4 633 405 86 154 711 434 58 78 737 396 197 170 786 401 126 105
positive/1653813258.3553028.jpg 1 460 341 152 132
positive/1653813271.762545.jpg 2 180 471 99 83 276 399 91 66
positive/1653813273.798271.jpg 2 468 403 99 83 544 461 71 110
positive/1653813277.7273808.jpg 1 3 372 180 155
positive/1653813301.4352417.jpg 3 758 363 71 42 816 398 74 67 937 433 73 158
positive/1653813306.527601.jpg 3 785 286 116 150 806 380 76 48 719 413 116 124
positive/1653813312.462994.jpg 4 743 348 130 138 629 337 115 109 499 395 91 106 445 405 38 36
positive/1653813315.9946065.jpg 5 125 426 122 112 207 428 76 64 320 401 179 144 302 338 122 107 734 282 80 88
positive/1653813320.8287826.jpg 1 792 275 84 138
positive/1653813322.013632.jpg 1 759 298 107 132
positive/1653813334.3956966.jpg 1 43 383 107 176
positive/1653813335.9267952.jpg 1 746 316 40 32
positive/1653813340.826575.jpg 4 1 378 47 109 146 405 202 148 276 386 186 136 899 364 105 185
positive/1653813343.6410823.jpg 4 439 368 91 209 420 392 106 115 867 385 121 159 965 402 43 137
positive/1653813346.849697.jpg 1 786 424 142 179
positive/1653813350.0899978.jpg 2 190 345 135 179 638 381 185 131
positive/1653813374.5134335.jpg 1 410 394 110 82
positive/1653813386.2057981.jpg 5 415 426 129 125 734 381 97 73 3 331 72 104 27 367 84 42 138 335 78 42
positive/1653813387.8184173.jpg 5 823 435 133 121 686 422 53 61 134 331 84 49 32 369 79 38 5 329 71 96
positive/1653813847.03092.jpg 5 149 377 107 96 168 332 82 75 710 345 115 102 642 332 120 85 658 366 131 173
positive/1653813848.7471054.jpg 5 221 331 104 95 152 394 83 98 25 377 29 31 698 290 95 114 652 373 112 176
positive/1653813858.4460092.jpg 6 108 303 135 102 89 323 78 46 16 294 94 156 490 328 102 74 851 385 94 52 832 438 132 123
positive/1653813861.9879491.jpg 8 109 325 111 97 228 319 77 72 261 341 44 30 282 337 131 100 334 374 56 40 402 308 26 57 387 304 112 100 742 345 130 142
positive/1653813899.5186062.jpg 5 131 307 128 132 215 371 94 47 323 454 133 139 524 277 88 146 955 437 56 120
positive/1653813902.6616652.jpg 3 204 334 162 126 465 402 157 159 824 443 121 111
positive/1653813929.2545733.jpg 5 262 334 60 55 351 275 76 111 612 266 95 101 561 361 54 89 937 280 71 110
positive/1653813931.6133146.jpg 6 336 300 41 42 375 294 74 99 402 327 41 32 554 388 75 92 585 297 82 87 957 289 53 111
positive/1653813936.5617719.jpg 2 644 360 124 109 603 316 90 125
positive/1653813943.9385488.jpg 2 99 402 184 128 888 309 84 121
positive/1653813962.6155994.jpg 3 97 361 98 154 77 391 66 56 222 380 171 139
positive/1653813969.9637647.jpg 2 523 362 107 161 797 365 95 175
positive/1653813977.551093.jpg 5 316 452 118 109 211 396 166 164 467 388 89 83 810 375 122 199 983 454 29 107
positive/1653813982.1169665.jpg 5 468 324 113 119 549 373 60 73 676 310 69 131 836 413 84 109 924 357 86 147
positive/1653813986.8362656.jpg 5 163 336 78 101 195 400 58 60 375 425 104 100 451 420 80 108 114 14 90 61
positive/1653813988.205077.jpg 3 114 14 75 67 418 431 119 116 508 432 83 102
positive/1653813992.8204956.jpg 4 487 336 118 111 647 325 112 117 859 374 116 146 661 312 55 75
positive/1653813995.6343756.jpg 4 39 387 164 125 354 388 208 139 416 327 135 76 652 427 134 136
positive/1653813998.5496247.jpg 3 148 361 128 131 190 385 177 144 376 384 192 168
positive/1653814003.1457334.jpg 3 160 389 124 131 704 366 86 187 764 429 112 127
positive/1653814026.797431.jpg 3 539 316 118 113 672 292 81 145 682 355 131 133
positive/1653814032.2172709.jpg 8 196 225 69 46 236 413 174 101 445 340 107 177 585 265 115 131 679 279 104 110 649 20 49 70 574 21 40 57 709 50 42 29
positive/1653814044.4523463.jpg 8 376 418 80 76 569 316 112 110 700 296 119 82 733 327 73 149 739 33 59 54 868 28 50 62 971 25 36 55 634 20 36 63
positive/1653814047.867061.jpg 8 9 378 94 74 285 383 122 162 497 316 155 122 731 8 57 75 776 34 35 55 815 34 25 36 846 26 45 59 606 48 41 30
positive/1653814056.658418.jpg 3 339 272 87 129 322 278 92 57 393 302 94 92
positive/1653814061.4288635.jpg 1 363 352 83 161
positive/1653814078.7638912.jpg 1 725 324 68 93
positive/1653814090.7324376.jpg 2 355 416 129 122 943 418 66 83
positive/1653814091.8039386.jpg 3 397 425 143 110 787 431 84 69 881 433 124 117
positive/1653814094.7184262.jpg 3 651 356 135 137 727 436 139 124 763 398 76 64
positive/1653814101.5518727.jpg 2 14 343 132 96 160 354 108 137
positive/1653814117.6293774.jpg 7 69 284 160 108 214 245 55 110 281 299 49 50 64 384 166 81 591 10 39 31 672 10 36 23 867 5 46 28
positive/1653814132.5937488.jpg 5 124 335 114 97 260 366 91 90 242 321 78 94 295 292 92 110 181 28 76 60
positive/1653814135.4140146.jpg 7 176 399 161 129 192 326 96 100 296 344 91 84 391 303 98 119 139 30 55 62 935 13 57 64 977 20 33 58
positive/1653814137.338029.jpg 4 261 351 117 106 398 337 92 95 476 322 97 105 945 30 54 51
positive/1653814197.2812607.jpg 8 84 271 77 124 381 92 47 69 438 78 53 61 348 512 131 87 750 358 53 48 895 310 65 139 917 364 94 130 529 426 107 112
positive/1653814220.251648.jpg 6 232 387 165 141 387 423 120 115 539 80 41 55 591 70 33 55 643 71 23 49 674 75 17 31
positive/1653814246.533055.jpg 3 919 342 66 130 845 24 30 42 113 12 43 55
positive/1653814274.032596.jpg 1 353 265 81 112
positive/1653814285.103729.jpg 3 413 420 92 102 779 370 61 81 877 337 124 158